R.a1.adc.pedestals = 13734 12730 14711 15319 12533 14033 14145 14849 13032 15759 14841 14235 18967 17333 16960 18565 17667 17316 17385 19568 17949 18968 18810 17598 

R.a1.adc.gains = 0.002721 0.002895 0.002462 0.002839 0.002569 0.002369 0.002608 0.002468 0.002482 0.002528 0.002549 0.002433 0.003824 0.002225 0.002693 0.003688 0.002529 0.002321 0.002522 0.002326 0.002737 0.002887 0.00254 0.002768 
