R.a2.adc.pedestals = 11708 10136 11201 10306 10438 12489 10662 10233 11477 12396 10057 11363 10436 17180 10832 11492 9712 12869 10352 11003 12669 10271 9575 11450 15909 15497 

R.a2.adc.gains = 0.003029 0.002986 0.00293 0.002223 0.003058 0.002088 0.00272 0.003149 0.003078 0.002432 0.002341 0.002562 0.003006 0.002825 0.003232 0.003215 0.003135 0.002772 0.002634 0.002509 0.002597 0.002956 0.003112 0.002537 0.003041 0.002107 
